Sample	berger_parker	buzas_gibson	chao1	dominance	equitability	jost	jost1	reads	richness	robbins	simpson	shannon_e	shannon_2	shannon_10
HSL001	0.059	0.0636	637.5	0.986	0.814	105.8	190.7	3000	631	0.541	0.014	5.25	7.58	2.28
HSL003	0.0483	0.144	965.7	0.993	0.883	246.3	430.7	3000	961	0.554	0.00679	6.07	8.75	2.63
HSL004	0.041	0.122	929.5	0.992	0.865	205.2	367.3	3000	922	0.587	0.00775	5.91	8.52	2.57
HSL006	0.0613	0.055	545.5	0.985	0.813	96.4	165.1	3000	536	0.551	0.0153	5.11	7.37	2.22
HSL010	0.185	0.0443	593.8	0.959	0.767	49.7	132.8	3000	587	0.56	0.041	4.89	7.05	2.12
HSL013	0.104	0.0928	883.9	0.982	0.831	115.7	278.3	3000	876	0.597	0.0175	5.63	8.12	2.44
HSL015	0.154	0.0371	436.9	0.968	0.777	54.4	111.3	3000	429	0.491	0.0324	4.71	6.8	2.05
HSL016	0.132	0.0425	565	0.971	0.767	59.3	127.5	3000	556	0.578	0.0287	4.85	6.99	2.11
HSL018	0.0333	0.0699	592.8	0.99	0.838	131.8	209.7	3000	588	0.491	0.0104	5.35	7.71	2.32
HSL019	0.0147	0.293	1406.9	0.998	0.936	642.8	880	3000	1400	0.64	0.00214	6.78	9.78	2.94
HSL020	0.0157	0.249	1271.1	0.997	0.926	528.1	745.8	3000	1264	0.613	0.00264	6.61	9.54	2.87
HSL021	0.0167	0.247	1253.4	0.997	0.927	536.1	740.3	3000	1245	0.616	0.00253	6.61	9.53	2.87
HSL022	0.0133	0.286	1379.8	0.998	0.935	631.5	859.4	3000	1373	0.635	0.00215	6.76	9.75	2.93
HSL023	0.014	0.279	1333.6	0.998	0.936	621.2	837.5	3000	1328	0.605	0.00216	6.73	9.71	2.92
HSL024	0.016	0.234	1212	0.997	0.924	493.8	702.3	3000	1206	0.587	0.00284	6.55	9.46	2.85
HSL025	0.023	0.275	1336.5	0.998	0.934	592.8	823.7	3000	1327	0.629	0.00242	6.71	9.69	2.92
HSL026	0.017	0.29	1389	0.998	0.936	630.4	870.5	3000	1383	0.622	0.00222	6.77	9.77	2.94
HSL027	0.0177	0.268	1294.8	0.998	0.934	587.2	804.2	3000	1289	0.591	0.00235	6.69	9.65	2.91
HSL028	0.036	0.142	914.7	0.994	0.889	260.3	426.2	3000	910	0.527	0.00604	6.05	8.74	2.63
HSL032	0.0313	0.112	852.5	0.993	0.863	200.6	335.1	3000	845	0.59	0.00739	5.81	8.39	2.53
HSL035	0.0433	0.168	1049.4	0.994	0.895	294.7	503	3000	1044	0.571	0.00572	6.22	8.97	2.7
HSL036	0.0293	0.168	1089.1	0.995	0.891	303	504.6	3000	1082	0.614	0.00514	6.22	8.98	2.7
HSL037	0.0513	0.103	833	0.991	0.854	176.7	309.4	3000	825	0.596	0.00885	5.73	8.27	2.49
HSL038	0.044	0.112	849.5	0.992	0.864	194.9	336.9	3000	840	0.581	0.00806	5.82	8.4	2.53
HSL039	0.061	0.1	849.5	0.99	0.847	159.5	301.1	3000	842	0.592	0.0104	5.71	8.23	2.48
HSL040	0.0427	0.142	992	0.993	0.879	240.3	426.4	3000	985	0.59	0.00697	6.06	8.74	2.63
HSL041	0.109	0.0715	789.8	0.979	0.806	90.6	214.4	3000	781	0.606	0.0208	5.37	7.74	2.33
HSL042	0.0867	0.108	891.5	0.988	0.852	156.2	324.5	3000	885	0.57	0.0122	5.78	8.34	2.51
HSL043	0.192	0.0139	425.7	0.925	0.618	19	41.7	3000	419	0.626	0.0751	3.73	5.38	1.62
HSL044	0.11	0.0432	740.8	0.97	0.738	54.8	129.6	3000	726	0.711	0.0296	4.86	7.02	2.11
HSL045	0.094	0.0585	767.8	0.976	0.779	72.6	175.4	3000	762	0.617	0.0239	5.17	7.45	2.24
HSL046	0.158	0.0146	353.8	0.937	0.647	22.4	43.7	3000	342	0.624	0.0628	3.78	5.45	1.64
HSL047	0.107	0.0374	495.2	0.975	0.764	59.7	112.1	3000	483	0.591	0.0254	4.72	6.81	2.05
HSL048	0.823	0.00117	247.9	0.321	0.232	1.74	3.5	3000	224	0.738	0.679	1.25	1.81	0.544
HSL049	0.822	0.00117	234.9	0.323	0.232	1.74	3.5	3000	220	0.742	0.677	1.25	1.81	0.544
HSL051	0.0683	0.134	950.9	0.99	0.875	202.7	403.3	3000	947	0.536	0.00953	6	8.66	2.61
HSL052	0.083	0.0448	523.8	0.978	0.784	69.8	134.5	3000	520	0.497	0.0222	4.9	7.07	2.13
HSL053	0.0547	0.13	968.9	0.991	0.868	197	390.2	3000	964	0.572	0.00932	5.97	8.61	2.59
HSL054	0.0517	0.151	990	0.993	0.887	261.1	452.6	3000	984	0.569	0.00653	6.12	8.82	2.66
HSL055	0.0427	0.151	942.9	0.994	0.894	277.4	454	3000	940	0.508	0.00577	6.12	8.83	2.66
HSL056	0.0697	0.0497	544.7	0.981	0.795	80.6	149.2	3000	541	0.498	0.0187	5.01	7.22	2.17
HSL057	0.0693	0.0501	569.8	0.981	0.792	78.5	150.4	3000	563	0.528	0.0195	5.01	7.23	2.18
HSL058	0.0867	0.0478	535.1	0.98	0.791	76.2	143.3	3000	531	0.492	0.02	4.97	7.16	2.16
HSL059	0.055	0.0847	732.9	0.988	0.84	133.8	254	3000	727	0.536	0.0124	5.54	7.99	2.4
HSL060	0.065	0.105	803.7	0.99	0.861	172.2	316.4	3000	800	0.516	0.0099	5.76	8.31	2.5
HSL061	0.0677	0.0443	507.6	0.98	0.786	72.9	132.8	3000	504	0.481	0.0199	4.89	7.05	2.12
HSL062	0.0667	0.15	1015.5	0.991	0.883	228.9	450.6	3000	1011	0.551	0.00858	6.11	8.82	2.65
HSL063	0.0947	0.0457	526.8	0.977	0.786	68.8	137.1	3000	522	0.499	0.0234	4.92	7.1	2.14
HSL064	0.078	0.0337	456.8	0.974	0.755	54.6	101.1	3000	451	0.527	0.0264	4.62	6.66	2
HSL065	0.154	0.0173	421.8	0.941	0.656	24.1	52	3000	413	0.597	0.0594	3.95	5.7	1.72
HSL066	0.0553	0.125	943.7	0.991	0.866	194.9	375.2	3000	938	0.574	0.00908	5.93	8.55	2.57
HSL067	0.0633	0.131	935.7	0.992	0.873	211.9	391.7	3000	930	0.57	0.00839	5.97	8.61	2.59
HSL068	0.0437	0.161	1030	0.993	0.891	267.3	482.8	3000	1026	0.54	0.00666	6.18	8.92	2.68
HSL069	0.084	0.051	567.7	0.98	0.794	79.3	153.1	3000	563	0.505	0.0197	5.03	7.26	2.19
HSL070	0.0837	0.0363	457.1	0.974	0.767	57.6	108.9	3000	454	0.462	0.0257	4.69	6.77	2.04
HSL071	0.102	0.0417	508.7	0.975	0.776	63.2	125.2	3000	504	0.491	0.0248	4.83	6.97	2.1
HSL072	0.13	0.0725	766.3	0.976	0.811	85.4	217.4	3000	760	0.557	0.0241	5.38	7.76	2.34
HSL073	0.068	0.0427	496.8	0.98	0.784	71.7	128	3000	488	0.524	0.02	4.85	7	2.11
HSL074	0.0637	0.0446	506.8	0.98	0.788	74.4	133.9	3000	502	0.513	0.0196	4.9	7.07	2.13
HSL075	0.042	0.148	959.6	0.994	0.889	258.1	445.1	3000	955	0.533	0.00648	6.1	8.8	2.65
HSL094	0.0393	0.197	1110	0.996	0.911	373.9	590.2	3000	1103	0.572	0.00435	6.38	9.21	2.77
HSL095	0.0403	0.162	1050.3	0.994	0.89	285.9	485.4	3000	1044	0.606	0.00578	6.18	8.92	2.69
HSL096	0.0483	0.164	1066.6	0.994	0.89	279.1	491.2	3000	1058	0.605	0.00621	6.2	8.94	2.69
HSL097	0.0357	0.147	978.8	0.994	0.885	265.3	439.8	3000	973	0.573	0.00585	6.09	8.78	2.64
HSL098	0.0263	0.14	953.7	0.994	0.882	264.4	421.5	3000	946	0.596	0.00551	6.04	8.72	2.62
HSL099	0.059	0.164	1102.6	0.992	0.885	253	491.2	3000	1097	0.597	0.00756	6.2	8.94	2.69
HSL100	0.0273	0.253	1302.1	0.997	0.926	518.8	759.3	3000	1294	0.624	0.00289	6.63	9.57	2.88
HSL101	0.0383	0.189	1153.1	0.995	0.9	343.1	566.6	3000	1143	0.632	0.00474	6.34	9.15	2.75
HSL102	0.0303	0.198	1145.3	0.996	0.908	383.9	594.2	3000	1139	0.605	0.00398	6.39	9.21	2.77
HSL103	0.044	0.166	1045.5	0.994	0.894	299.3	498.4	3000	1038	0.597	0.00551	6.21	8.96	2.7
HSL104	0.0377	0.181	1110.5	0.995	0.899	341.1	544.4	3000	1103	0.618	0.00456	6.3	9.09	2.74
HSL105	0.0117	0.238	1255.9	0.997	0.922	504.8	715.3	3000	1248	0.625	0.00271	6.57	9.48	2.85
HSL106	0.041	0.222	1239	0.996	0.914	413.7	666.7	3000	1233	0.615	0.00408	6.5	9.38	2.82
HSL107	0.0547	0.185	1187.8	0.994	0.893	296.4	553.7	3000	1180	0.635	0.00633	6.32	9.11	2.74
HSL108	0.033	0.232	1263.8	0.997	0.917	454.3	695.9	3000	1257	0.626	0.00344	6.55	9.44	2.84
HSL109	0.0403	0.202	1217.9	0.995	0.902	355	604.6	3000	1210	0.637	0.0048	6.4	9.24	2.78
HSL110	0.0193	0.193	1101.9	0.996	0.909	390.7	579	3000	1095	0.589	0.00364	6.36	9.18	2.76
HSL111	0.0397	0.209	1230.4	0.995	0.906	368	626.8	3000	1223	0.632	0.00475	6.44	9.29	2.8
HSL112	0.0363	0.15	1035.2	0.994	0.881	259	449.4	3000	1029	0.607	0.00617	6.11	8.81	2.65
HSL114	0.072	0.117	943.6	0.99	0.857	176.1	352.5	3000	937	0.598	0.0103	5.87	8.46	2.55
HSL115	0.032	0.176	1091.4	0.995	0.897	328.1	528.2	3000	1084	0.609	0.00471	6.27	9.04	2.72
HSL116	0.0347	0.152	1031.8	0.994	0.883	269.3	454.8	3000	1025	0.605	0.00578	6.12	8.83	2.66
HSL119	0.152	0.0648	646.5	0.972	0.816	78.7	194.4	3000	640	0.524	0.0275	5.27	7.6	2.29
HSL127	0.0853	0.0921	721.1	0.988	0.856	148.3	276.4	3000	713	0.52	0.0121	5.62	8.11	2.44
HSL137	0.028	0.171	1074	0.995	0.895	320.3	511.6	3000	1066	0.605	0.00468	6.24	9	2.71
HSL139	0.0487	0.219	1212.9	0.995	0.915	397	657.7	3000	1206	0.599	0.00457	6.49	9.36	2.82
HSL140	0.021	0.187	1076.5	0.996	0.907	377	560.5	3000	1069	0.592	0.0038	6.33	9.13	2.75
HSL141	0.0173	0.184	1012.8	0.997	0.912	394.7	550.7	3000	1009	0.536	0.00337	6.31	9.11	2.74
HSL142	0.044	0.22	1180	0.996	0.918	416.9	659.5	3000	1175	0.571	0.00412	6.49	9.37	2.82
HSL143	0.026	0.221	1211.1	0.997	0.916	436.5	663.4	3000	1206	0.601	0.0035	6.5	9.37	2.82
HSL144	0.0477	0.152	1010.8	0.993	0.886	256.5	456.4	3000	1005	0.577	0.00672	6.12	8.83	2.66
HSL145	0.017	0.233	1210.2	0.997	0.924	502.3	699.4	3000	1203	0.608	0.00271	6.55	9.45	2.84
HSL146	0.0187	0.179	1019.1	0.996	0.909	373.5	538.2	3000	1013	0.557	0.00369	6.29	9.07	2.73
HSL147	0.0217	0.242	1261.3	0.997	0.923	501.6	726.3	3000	1254	0.618	0.00289	6.59	9.5	2.86
HSL148	0.0227	0.198	1092.3	0.997	0.914	408.8	595.4	3000	1087	0.565	0.00347	6.39	9.22	2.77
HSL149	0.059	0.195	1155.2	0.994	0.904	328	585.1	3000	1150	0.583	0.00589	6.37	9.19	2.77
HSL150	0.00933	0.28	1301.7	0.998	0.94	648.9	841.2	3000	1295	0.592	0.00198	6.73	9.72	2.92
HSL151	0.0377	0.152	1024	0.994	0.884	262.9	455	3000	1018	0.586	0.00612	6.12	8.83	2.66
HSL152	0.036	0.187	1174.9	0.995	0.897	333.3	561.6	3000	1166	0.64	0.00485	6.33	9.13	2.75
HSL153	0.0177	0.229	1217.5	0.997	0.921	486.9	688.3	3000	1209	0.623	0.00283	6.53	9.43	2.84
HSL154	0.0193	0.236	1216	0.997	0.925	511.4	709.3	3000	1206	0.616	0.00268	6.56	9.47	2.85
HSL155	0.0137	0.213	1091.2	0.997	0.924	469.5	637.8	3000	1087	0.54	0.00281	6.46	9.32	2.8
HSL156	0.0297	0.191	1078.2	0.996	0.91	387.7	572.1	3000	1071	0.582	0.00374	6.35	9.16	2.76
HSL157	0.0157	0.245	1248.5	0.997	0.926	529.5	734	3000	1241	0.618	0.00258	6.6	9.52	2.87
HSL171	0.0553	0.0844	741.2	0.988	0.838	137.4	253.2	3000	736	0.548	0.0116	5.53	7.98	2.4
HSL173	0.084	0.0664	718.8	0.983	0.807	99.2	199.2	3000	709	0.611	0.0166	5.29	7.64	2.3
HSL178	0.0263	0.125	829	0.994	0.882	244.6	374.2	3000	825	0.516	0.00573	5.92	8.55	2.57
HSL179	0.0367	0.119	857	0.993	0.871	213.1	357.1	3000	850	0.558	0.00718	5.88	8.48	2.55
HSL180	0.029	0.125	850	0.994	0.879	237.2	373.9	3000	845	0.537	0.00608	5.92	8.55	2.57
HSL181	0.0263	0.14	884.5	0.995	0.891	280.7	420.2	3000	880	0.533	0.00497	6.04	8.71	2.62
HSL182	0.073	0.0722	664.6	0.984	0.829	110.1	216.6	3000	658	0.534	0.0156	5.38	7.76	2.34
HSL183	0.0673	0.109	800.6	0.99	0.867	179.8	327.6	3000	795	0.52	0.00972	5.79	8.36	2.52
HSL184	0.0413	0.0828	675.2	0.99	0.848	147.9	248.4	3000	669	0.519	0.01	5.51	7.96	2.4
HSL185	0.076	0.0769	731.2	0.986	0.826	118.3	230.7	3000	726	0.564	0.014	5.44	7.85	2.36
HSL186	0.107	0.0553	577.9	0.979	0.805	82.1	165.9	3000	572	0.527	0.0211	5.11	7.37	2.22
HSL187	0.031	0.132	894.5	0.994	0.881	255.2	397.2	3000	888	0.569	0.00559	5.98	8.63	2.6
HSL188	0.0687	0.0659	704.1	0.983	0.807	97.1	197.8	3000	698	0.571	0.0168	5.29	7.63	2.3
HSL189	0.046	0.134	941.3	0.993	0.877	239.8	403.3	3000	936	0.58	0.00654	6	8.66	2.61
HSL190	0.0327	0.11	843.9	0.992	0.862	192.9	330.7	3000	837	0.568	0.00786	5.8	8.37	2.52
HSL191	0.077	0.0979	779.4	0.989	0.854	155.8	293.6	3000	774	0.528	0.0112	5.68	8.2	2.47
HSL192	0.0603	0.121	870.6	0.992	0.871	205	361.5	3000	863	0.565	0.00819	5.89	8.5	2.56
HSL193	0.0283	0.134	861.2	0.995	0.888	263.5	401.8	3000	856	0.538	0.00544	6	8.65	2.6
HSL194	0.04	0.131	890.7	0.994	0.88	241.8	393	3000	885	0.554	0.00627	5.97	8.62	2.59
HSL195	0.0433	0.0925	772.3	0.991	0.847	162	277.4	3000	766	0.572	0.00915	5.63	8.12	2.44
HSL196	0.0193	0.178	1039.9	0.996	0.905	363.7	534.3	3000	1033	0.58	0.00384	6.28	9.06	2.73
HSL197	0.0297	0.188	1062.7	0.996	0.909	378.8	562.7	3000	1057	0.569	0.00385	6.33	9.14	2.75
HSL198	0.0203	0.217	1186.6	0.997	0.916	435.9	650.4	3000	1181	0.594	0.00336	6.48	9.35	2.81
HSL199	0.02	0.209	1132.5	0.997	0.917	437.7	628.3	3000	1127	0.577	0.0032	6.44	9.3	2.8
HSL202	0.0317	0.148	962.7	0.995	0.888	278.5	443.4	3000	957	0.574	0.00536	6.09	8.79	2.65
HSL204	0.027	0.134	867.9	0.994	0.887	259.7	402.4	3000	862	0.538	0.00559	6	8.65	2.6
HSL205	0.03	0.146	934.1	0.995	0.89	274.2	436.7	3000	929	0.542	0.00548	6.08	8.77	2.64
HSL206	0.022	0.163	1007	0.995	0.896	314	489.4	3000	1002	0.564	0.00468	6.19	8.93	2.69
HSL207	0.0223	0.171	1024.8	0.996	0.901	338.7	513.3	3000	1019	0.575	0.00427	6.24	9	2.71
HSL209	0.0383	0.199	1146	0.996	0.908	375.4	596.2	3000	1138	0.603	0.0043	6.39	9.22	2.78
HSL210	0.072	0.12	957.4	0.989	0.859	172.8	360.1	3000	950	0.597	0.011	5.89	8.49	2.56
HSL211	0.04	0.172	1059.2	0.995	0.898	312.1	516.8	3000	1053	0.583	0.00526	6.25	9.01	2.71
HSL212	0.0237	0.196	1122.7	0.996	0.909	394.3	588.4	3000	1116	0.599	0.00364	6.38	9.2	2.77
HSL213	0.0297	0.148	927.5	0.995	0.893	290.3	442.6	3000	921	0.557	0.00496	6.09	8.79	2.65
HSL214	0.0183	0.222	1222.1	0.997	0.915	448.4	666.4	3000	1215	0.621	0.00323	6.5	9.38	2.82
HSL215	0.0743	0.0902	743.8	0.988	0.848	146.2	270.6	3000	738	0.537	0.0116	5.6	8.08	2.43
HSL216	0.026	0.194	1102.8	0.996	0.909	388.7	581	3000	1097	0.582	0.00374	6.36	9.18	2.76
HSL217	0.0423	0.116	895.8	0.992	0.861	190.1	346.8	3000	889	0.573	0.00846	5.85	8.44	2.54
HSL218	0.0283	0.207	1160.5	0.996	0.912	409.5	619.8	3000	1153	0.607	0.00366	6.43	9.28	2.79
HSL219	0.0267	0.199	1103.2	0.996	0.913	397	597.3	3000	1099	0.555	0.00377	6.39	9.22	2.78
HSL220	0.034	0.155	991.9	0.995	0.891	292.2	464.8	3000	983	0.591	0.00519	6.14	8.86	2.67
HSL221	0.019	0.232	1200.9	0.997	0.924	487.4	696.5	3000	1195	0.588	0.00294	6.55	9.44	2.84
HSL222	0.0253	0.16	1006.6	0.995	0.894	308.4	479.4	3000	1000	0.589	0.00473	6.17	8.9	2.68
HSL223	0.0363	0.161	1027.1	0.995	0.892	298.9	481.7	3000	1020	0.595	0.00512	6.18	8.91	2.68
HSL224	0.0197	0.209	1188.4	0.996	0.911	415	628.2	3000	1181	0.62	0.00352	6.44	9.3	2.8
HSL227	0.0193	0.219	1166.6	0.997	0.92	457.7	658.2	3000	1161	0.583	0.00309	6.49	9.36	2.82
HSL228	0.057	0.133	915.7	0.993	0.879	228.8	399.3	3000	909	0.57	0.00745	5.99	8.64	2.6
HSL229	0.0267	0.169	1030.3	0.996	0.898	328.5	506.7	3000	1024	0.581	0.00446	6.23	8.98	2.7
HSL230	0.032	0.18	1086.6	0.996	0.901	346.5	540.4	3000	1079	0.606	0.00434	6.29	9.08	2.73
HSL231	0.025	0.207	1208.8	0.996	0.907	389.8	620.2	3000	1201	0.632	0.00397	6.43	9.28	2.79
HSL232	0.063	0.0865	826.1	0.987	0.829	126.8	259.5	3000	819	0.589	0.0133	5.56	8.02	2.41
HSL2322	0.086	0.0666	766	0.981	0.799	90.1	199.9	3000	757	0.628	0.0192	5.3	7.64	2.3
HSL233	0.0147	0.243	1184.1	0.998	0.932	545.9	730.4	3000	1179	0.555	0.00243	6.59	9.51	2.86
HSL234	0.0247	0.246	1249.2	0.997	0.927	518.6	739.4	3000	1244	0.587	0.00278	6.61	9.53	2.87
HSL235	0.157	0.0698	934.3	0.961	0.782	57.3	209.3	3000	928	0.618	0.0388	5.34	7.71	2.32
HSL236	0.117	0.098	1040.9	0.976	0.819	94.2	293.9	3000	1033	0.654	0.0241	5.68	8.2	2.47
HSL237	0.06	0.171	1098.4	0.993	0.892	273.7	512.4	3000	1093	0.585	0.00696	6.24	9	2.71
HSL238	0.0517	0.205	1192.1	0.995	0.907	357.1	614	3000	1185	0.612	0.00516	6.42	9.26	2.79
HSL239	0.0237	0.298	1416.2	0.998	0.937	630	893.6	3000	1410	0.621	0.00237	6.8	9.8	2.95
HSL240	0.0327	0.259	1335.7	0.997	0.925	506.6	776	3000	1330	0.616	0.00319	6.65	9.6	2.89
HSL241	0.0753	0.211	1248.3	0.992	0.905	310	632.3	3000	1243	0.603	0.00754	6.45	9.3	2.8
HSL242	0.0123	0.28	1322.2	0.998	0.938	634.8	841.1	3000	1317	0.597	0.00208	6.73	9.72	2.92
HSL243	0.019	0.254	1280.5	0.997	0.928	531.5	761	3000	1275	0.592	0.0027	6.63	9.57	2.88
HSL244	0.0333	0.235	1305.1	0.996	0.915	434.2	705.8	3000	1296	0.64	0.00385	6.56	9.46	2.85
HSL245	0.0317	0.16	983.1	0.995	0.896	309	478.9	3000	977	0.569	0.00483	6.17	8.9	2.68
HSL246	0.0493	0.135	941.7	0.992	0.878	225.8	406.3	3000	936	0.562	0.00764	6.01	8.67	2.61
HSL247	0.0533	0.134	920.3	0.992	0.879	225.8	401.5	3000	915	0.548	0.00756	6	8.65	2.6
HSL248	0.0243	0.181	1061.1	0.996	0.905	359.3	543.5	3000	1056	0.573	0.00404	6.3	9.09	2.74
HSL249	0.0223	0.166	1050.6	0.995	0.893	315.3	498.1	3000	1045	0.592	0.00466	6.21	8.96	2.7
HSL250	0.0227	0.175	1103.3	0.996	0.895	334.8	525.3	3000	1095	0.629	0.00434	6.26	9.04	2.72
HSL251	0.0263	0.207	1139.9	0.997	0.914	419.9	620.6	3000	1133	0.588	0.00347	6.43	9.28	2.79
HSL252	0.027	0.182	1050.4	0.996	0.907	367.9	547.3	3000	1044	0.573	0.00392	6.31	9.1	2.74
HSL253	0.018	0.197	1074.9	0.997	0.915	418.2	591.6	3000	1068	0.574	0.00328	6.38	9.21	2.77
HSL254	0.027	0.193	1061.1	0.996	0.913	396	577.7	3000	1056	0.548	0.00362	6.36	9.17	2.76
HSL255	0.0373	0.102	770.7	0.992	0.862	180.7	306.7	3000	767	0.503	0.00839	5.73	8.26	2.49
HSL256	0.0433	0.166	1039.5	0.995	0.895	302.3	496.6	3000	1032	0.587	0.00534	6.21	8.96	2.7
HSL258	0.099	0.091	794.6	0.985	0.841	128.9	273.1	3000	787	0.563	0.015	5.61	8.09	2.44
HSL259	0.0187	0.222	1190.3	0.997	0.919	455	667.3	3000	1184	0.593	0.0032	6.5	9.38	2.82
HSL260	0.0363	0.132	936.4	0.993	0.876	225.2	397.5	3000	931	0.555	0.00717	5.99	8.63	2.6
HSL261	0.0437	0.111	782.3	0.993	0.873	206.7	333.1	3000	777	0.514	0.00723	5.81	8.38	2.52
HSL262	0.0707	0.143	1047.3	0.991	0.873	218.4	428.4	3000	1036	0.636	0.0087	6.06	8.74	2.63
HSL263	0.0873	0.099	842	0.987	0.847	145.2	297	3000	833	0.585	0.0129	5.69	8.21	2.47
HSL264	0.115	0.0634	659	0.98	0.81	89.9	190.1	3000	652	0.556	0.0203	5.25	7.57	2.28
HSL265	0.0423	0.0947	731.8	0.991	0.858	168.2	284	3000	726	0.51	0.00899	5.65	8.15	2.45
HSL267	0.059	0.11	835.4	0.991	0.863	181.8	330.4	3000	830	0.544	0.00925	5.8	8.37	2.52
HSL268	0.059	0.0875	700.8	0.99	0.851	153.6	262.5	3000	696	0.514	0.01	5.57	8.04	2.42
HSL269	0.0587	0.0746	657.3	0.988	0.835	129.5	223.7	3000	651	0.538	0.0117	5.41	7.81	2.35
HSL270	0.052	0.101	791.5	0.991	0.858	169.9	304.4	3000	787	0.514	0.00937	5.72	8.25	2.48
HSL271	0.0487	0.118	863	0.992	0.869	204.2	354.7	3000	858	0.54	0.00779	5.87	8.47	2.55
HSL272	0.015	0.244	1209.7	0.998	0.93	550.1	730.6	3000	1202	0.602	0.00236	6.59	9.51	2.86
HSL273	0.0597	0.112	862.3	0.99	0.861	178.1	336.6	3000	858	0.536	0.00962	5.82	8.4	2.53
HSL274	0.076	0.108	850.7	0.989	0.857	166.7	322.7	3000	846	0.545	0.0108	5.78	8.33	2.51
HSL275	0.0967	0.0539	577.7	0.981	0.801	84.2	161.7	3000	572	0.532	0.0191	5.09	7.34	2.21
HSL276	0.0653	0.0988	808.3	0.989	0.851	158.4	296.5	3000	803	0.549	0.0106	5.69	8.21	2.47
HSL277	0.063	0.103	778	0.99	0.862	173.4	307.8	3000	771	0.535	0.00953	5.73	8.27	2.49
HSL278	0.0483	0.0887	689.6	0.991	0.855	161.4	266.2	3000	686	0.491	0.00912	5.58	8.06	2.43
HSL279	0.0467	0.101	752.2	0.992	0.864	185.2	302.3	3000	743	0.536	0.00803	5.71	8.24	2.48
HSL280	0.0697	0.0791	647	0.989	0.846	139.6	237.3	3000	640	0.513	0.0112	5.47	7.89	2.38
HSL281	0.03	0.143	927.6	0.994	0.888	270.2	430.1	3000	923	0.541	0.00553	6.06	8.75	2.63
HSL282	0.043	0.125	830.3	0.994	0.883	238.2	375.8	3000	825	0.521	0.00627	5.93	8.55	2.57
HSL283	0.055	0.115	846.8	0.991	0.868	191.9	345.6	3000	839	0.544	0.00875	5.85	8.43	2.54
HSL284	0.051	0.0963	722	0.991	0.861	170.9	288.8	3000	718	0.487	0.00898	5.67	8.17	2.46
HSL285	0.0477	0.067	597.3	0.988	0.831	118.3	200.9	3000	590	0.497	0.0124	5.3	7.65	2.3
HSL286	0.102	0.0773	713.3	0.984	0.831	115	231.8	3000	701	0.573	0.016	5.45	7.86	2.37
HSL287	0.0333	0.0963	712.3	0.992	0.864	183.2	288.9	3000	707	0.506	0.00774	5.67	8.17	2.46
HSL289	0.0617	0.0962	762.7	0.99	0.855	163.1	288.5	3000	756	0.538	0.00984	5.66	8.17	2.46
HSL290	0.0343	0.0875	651.6	0.992	0.861	170.8	262.5	3000	646	0.493	0.00808	5.57	8.04	2.42
HSL291	0.033	0.164	1001.8	0.995	0.898	310.2	490.5	3000	995	0.568	0.00497	6.2	8.94	2.69
HSL292	0.0607	0.122	891.4	0.992	0.87	202.6	365.1	3000	885	0.56	0.00838	5.9	8.51	2.56
HSL293	0.0633	0.0833	662.9	0.989	0.851	144.5	249.9	3000	659	0.476	0.0108	5.52	7.97	2.4
HSL294	0.036	0.129	900.4	0.993	0.877	233.3	386.9	3000	894	0.564	0.00654	5.96	8.6	2.59
HSL295	0.069	0.081	705	0.988	0.839	134.2	243.1	3000	699	0.544	0.0119	5.49	7.93	2.39
HSL296	0.0757	0.0653	624.5	0.985	0.821	105.7	195.8	3000	618	0.523	0.015	5.28	7.61	2.29
HSL297	0.0707	0.0921	761.8	0.989	0.848	150.2	276.4	3000	755	0.542	0.011	5.62	8.11	2.44
HSL299	0.0507	0.0839	668.4	0.99	0.851	146.4	251.8	3000	664	0.475	0.0105	5.53	7.98	2.4
HSL301	0.07	0.0982	733.8	0.99	0.863	169.2	294.5	3000	727	0.497	0.00981	5.69	8.2	2.47
HSL302	0.0217	0.151	917.4	0.996	0.897	312	452.6	3000	913	0.539	0.00433	6.12	8.82	2.66
HSL303	0.026	0.152	1018.7	0.995	0.885	289.9	456.2	3000	1009	0.634	0.00496	6.12	8.83	2.66
HSL304	0.0243	0.134	947.4	0.994	0.876	250.3	401.7	3000	940	0.609	0.00575	6	8.65	2.6
HSL305	0.025	0.152	1017.7	0.995	0.886	293.7	457.2	3000	1009	0.627	0.00481	6.13	8.84	2.66
HSL306	0.04	0.128	962.5	0.993	0.867	221.9	384.2	3000	954	0.622	0.00698	5.95	8.59	2.58
HSL307	0.032	0.139	978.2	0.994	0.877	258.7	416.2	3000	969	0.627	0.00561	6.03	8.7	2.62
HSL308	0.0367	0.131	960.9	0.994	0.871	234.5	392.9	3000	952	0.627	0.00642	5.97	8.62	2.59
HSL309	0.0217	0.148	1008.2	0.995	0.883	284.9	445	3000	998	0.639	0.00495	6.1	8.8	2.65
HSL310	0.0253	0.14	972.2	0.995	0.88	269.1	421.4	3000	963	0.628	0.00525	6.04	8.72	2.62
HSL311	0.039	0.119	898.2	0.993	0.865	208.8	356.3	3000	889	0.603	0.00733	5.88	8.48	2.55
HSL312	0.041	0.129	929.5	0.993	0.873	232.2	386.5	3000	922	0.603	0.00657	5.96	8.59	2.59
HSL313	0.0417	0.114	857.9	0.993	0.865	209.4	341.9	3000	847	0.616	0.00711	5.83	8.42	2.53
HSL314	0.048	0.123	884.9	0.993	0.872	223.2	369.6	3000	879	0.576	0.00691	5.91	8.53	2.57
HSL315	0.032	0.132	941.8	0.994	0.874	238.2	394.7	3000	935	0.604	0.00632	5.98	8.62	2.6
HSL317	0.039	0.147	995.8	0.994	0.883	272.8	441.9	3000	987	0.619	0.00556	6.09	8.79	2.65
HSL318	0.0403	0.119	890.8	0.992	0.867	206.7	358.3	3000	883	0.594	0.00768	5.88	8.48	2.55
HSL319	0.0483	0.113	871.4	0.992	0.861	193.2	337.5	3000	862	0.604	0.00821	5.82	8.4	2.53
HSL320	0.0773	0.0997	839.6	0.988	0.848	153.9	299	3000	831	0.605	0.0116	5.7	8.22	2.48
HSL323	0.0417	0.195	1154.9	0.995	0.904	353.1	584.8	3000	1148	0.604	0.00474	6.37	9.19	2.77
HSL324	0.0387	0.202	1222.5	0.995	0.902	346.1	604.5	3000	1215	0.628	0.00502	6.4	9.24	2.78
HSL325	0.0537	0.128	993.1	0.991	0.863	200.7	384.2	3000	986	0.617	0.00857	5.95	8.59	2.58
HSL326	0.0247	0.173	1152.7	0.995	0.888	315.2	520.2	3000	1142	0.669	0.0048	6.25	9.02	2.72
HSL327	0.0693	0.128	1067.6	0.989	0.854	172.3	382.8	3000	1058	0.65	0.0112	5.95	8.58	2.58
HSL328	0.061	0.0857	882.7	0.986	0.82	123.1	257.2	3000	871	0.661	0.0135	5.55	8.01	2.41
HSL329	0.215	0.0269	615.8	0.935	0.686	27.5	80.6	3000	603	0.669	0.0646	4.39	6.33	1.91
HSL330	0.035	0.134	1040.3	0.993	0.864	219.5	401.9	3000	1029	0.656	0.00725	6	8.65	2.6
HSL331	0.0643	0.0886	898.7	0.985	0.822	118.9	265.7	3000	892	0.622	0.0147	5.58	8.05	2.42
HSL332	0.026	0.197	1151.8	0.996	0.906	379.5	590.8	3000	1145	0.609	0.00398	6.38	9.21	2.77
HSL333	0.098	0.085	874.4	0.983	0.819	109.6	254.9	3000	866	0.634	0.0173	5.54	7.99	2.41
HSL334	0.221	0.0217	489.7	0.933	0.677	25.1	65.2	3000	480	0.613	0.0674	4.18	6.03	1.81
HSL335	0.0667	0.101	932.1	0.987	0.837	138.4	303.3	3000	924	0.616	0.0131	5.71	8.24	2.48
HSL336	0.072	0.0938	903.6	0.987	0.83	134.6	281.4	3000	895	0.637	0.0128	5.64	8.14	2.45
HSL337	0.0733	0.168	1153.7	0.992	0.884	248.3	505.4	3000	1144	0.642	0.00834	6.23	8.98	2.7
HSL338	0.0537	0.123	1005.4	0.99	0.855	176.9	367.7	3000	998	0.62	0.0102	5.91	8.52	2.57
HSL349	0.0363	0.102	829.8	0.991	0.852	171.5	305	3000	824	0.572	0.00899	5.72	8.25	2.48
HSL350	0.036	0.138	945.7	0.994	0.881	245.3	415.4	3000	940	0.564	0.0064	6.03	8.7	2.62
HSL353	0.481	0.00997	429.2	0.765	0.562	7.37	29.9	3000	423	0.554	0.235	3.4	4.9	1.48
HSL354	0.104	0.0499	553.8	0.978	0.795	75.9	149.8	3000	547	0.524	0.0215	5.01	7.23	2.18
HSL355	0.263	0.0133	304.1	0.91	0.647	17.5	39.8	3000	297	0.48	0.0902	3.68	5.32	1.6
HSL356	0.143	0.0212	356.7	0.953	0.709	32	63.6	3000	351	0.509	0.0467	4.15	5.99	1.8
HSL357	0.173	0.033	503	0.958	0.74	41.8	99	3000	496	0.541	0.0423	4.59	6.63	2
HSL358	0.0737	0.0517	588.1	0.981	0.792	80.9	155	3000	583	0.536	0.0189	5.04	7.28	2.19
HSL361	0.0337	0.153	978.5	0.995	0.891	287.2	459.9	3000	973	0.564	0.0053	6.13	8.85	2.66
HSL362	0.279	0.0194	421.6	0.911	0.673	20.6	58.1	3000	418	0.516	0.0886	4.06	5.86	1.76
HSL363	0.0887	0.0543	672.2	0.978	0.783	74.8	163	3000	666	0.585	0.022	5.09	7.35	2.21
HSL364	0.156	0.0486	601.7	0.968	0.78	59.8	145.7	3000	595	0.552	0.0324	4.98	7.19	2.16
HSL365	0.0943	0.0901	772.2	0.986	0.843	134.8	270.2	3000	766	0.554	0.0138	5.6	8.08	2.43
HSL366	0.0423	0.0772	690	0.988	0.835	131	231.7	3000	681	0.553	0.0116	5.45	7.86	2.36
HSL367	0.25	0.034	608.4	0.931	0.723	30	102.1	3000	602	0.547	0.0693	4.63	6.67	2.01
HSL372	0.03	0.136	926.4	0.994	0.881	252.5	409.2	3000	920	0.573	0.00592	6.01	8.68	2.61
HSL373	0.0653	0.0582	560.8	0.986	0.817	101.9	174.6	3000	555	0.514	0.0144	5.16	7.45	2.24
HSL374	0.0783	0.0742	700.9	0.985	0.826	111.2	222.7	3000	696	0.519	0.0153	5.41	7.8	2.35
HSL375	0.659	0.00415	430.3	0.564	0.417	3.3	12.5	3000	422	0.605	0.436	2.52	3.64	1.1
HSL378	0.0337	0.132	855.9	0.994	0.886	256.2	394.7	3000	849	0.546	0.00566	5.98	8.62	2.6
HSL379	0.038	0.0861	664.4	0.991	0.856	164.1	258.3	3000	658	0.52	0.00858	5.55	8.01	2.41
HSL380	0.031	0.124	869.9	0.994	0.876	232.7	373.5	3000	864	0.564	0.00631	5.92	8.54	2.57
HSL384	0.0257	0.139	923	0.995	0.885	265.6	417.4	3000	917	0.562	0.00544	6.03	8.71	2.62
HSL385	0.0287	0.12	841.9	0.994	0.875	230.4	360.2	3000	835	0.569	0.00618	5.89	8.49	2.56
HSL389	0.0217	0.199	1149	0.996	0.908	393.9	597.3	3000	1141	0.618	0.00373	6.39	9.22	2.78
HSL390	0.032	0.105	774.2	0.993	0.865	194.4	314.5	3000	770	0.519	0.00745	5.75	8.3	2.5
HSL391	0.0343	0.105	803.7	0.992	0.861	184	314.7	3000	797	0.551	0.00827	5.75	8.3	2.5
HSL392	0.0443	0.0943	771.2	0.991	0.85	163	282.9	3000	763	0.568	0.00936	5.64	8.14	2.45
HSL393	0.0293	0.135	918.7	0.994	0.881	250.7	404.4	3000	913	0.568	0.0059	6	8.66	2.61
HSL399	0.0403	0.0825	720	0.99	0.839	144	247.4	3000	711	0.572	0.0103	5.51	7.95	2.39
HSL400	0.0397	0.154	1021.2	0.994	0.887	272.2	462.7	3000	1015	0.587	0.00593	6.14	8.85	2.67
HSL402	0.393	0.0108	347.7	0.836	0.596	10.5	32.4	3000	342	0.542	0.164	3.48	5.02	1.51
HSL403	0.112	0.0321	468.7	0.968	0.746	48.7	96.2	3000	456	0.584	0.0317	4.57	6.59	1.98
HSL404	0.104	0.035	465.8	0.971	0.759	53.7	105.1	3000	459	0.528	0.0287	4.65	6.71	2.02
HSL405	0.162	0.0274	403.7	0.959	0.737	40	82.3	3000	396	0.534	0.0409	4.41	6.36	1.92
HSL406	0.057	0.0368	418.7	0.981	0.783	69.4	110.5	3000	408	0.543	0.0192	4.7	6.79	2.04
HSL407	0.0627	0.0413	491.2	0.98	0.78	70.1	123.9	3000	484	0.54	0.0203	4.82	6.95	2.09
HSL410	0.0223	0.157	994.4	0.995	0.893	301.8	471.4	3000	988	0.577	0.00483	6.16	8.88	2.67
MF000	0.0273	0.179	1052	0.996	0.904	348.3	537.4	3000	1046	0.57	0.00431	6.29	9.07	2.73
MF002	0.0293	0.204	1122.8	0.996	0.914	414.6	611.4	3000	1116	0.587	0.00355	6.42	9.26	2.79
MF003	0.02	0.238	1241	0.997	0.923	492.5	714.6	3000	1234	0.611	0.00298	6.57	9.48	2.85
MF005	0.0237	0.206	1189.6	0.996	0.908	399.5	617.5	3000	1183	0.619	0.00373	6.43	9.27	2.79
MF006	0.0173	0.224	1236.1	0.997	0.915	453.1	670.7	3000	1228	0.633	0.00315	6.51	9.39	2.83
MF008	0.0213	0.221	1238.9	0.997	0.913	430.3	662.7	3000	1233	0.618	0.00349	6.5	9.37	2.82
MF009	0.0203	0.209	1162	0.997	0.913	423	626.2	3000	1154	0.608	0.00341	6.44	9.29	2.8
MF010	0.022	0.152	903.8	0.996	0.9	318.1	455.1	3000	898	0.546	0.00426	6.12	8.83	2.66
MF011	0.0207	0.204	1157.6	0.996	0.91	405.9	611.9	3000	1153	0.588	0.00357	6.42	9.26	2.79
MF012	0.022	0.191	1060.4	0.996	0.912	394.6	571.5	3000	1055	0.562	0.00357	6.35	9.16	2.76
MF013	0.026	0.199	1093.9	0.996	0.914	410	597.8	3000	1088	0.572	0.00351	6.39	9.22	2.78
MF014	0.0213	0.154	898.3	0.996	0.904	329.2	463.4	3000	892	0.538	0.00407	6.14	8.86	2.67
MF015	0.0167	0.205	1114.2	0.997	0.916	434.4	614.9	3000	1108	0.585	0.00314	6.42	9.26	2.79
MF016	0.017	0.172	973.3	0.996	0.908	366.7	515.4	3000	968	0.546	0.00364	6.24	9.01	2.71
MF017	0.0203	0.21	1241.8	0.996	0.906	394	629.2	3000	1232	0.651	0.00387	6.44	9.3	2.8
MF018	0.029	0.143	997	0.994	0.879	263.6	428.8	3000	987	0.63	0.0056	6.06	8.74	2.63
MF019	0.0577	0.115	850.9	0.992	0.868	202.9	345.7	3000	843	0.581	0.00797	5.85	8.43	2.54
MF020	0.0487	0.12	880.7	0.993	0.87	218.5	360.8	3000	870	0.611	0.00705	5.89	8.49	2.56
MF021	0.0353	0.13	929.8	0.994	0.874	243	390.1	3000	922	0.615	0.00598	5.97	8.61	2.59
MF022	0.0317	0.133	932.4	0.995	0.878	257.3	400	3000	923	0.62	0.00548	5.99	8.64	2.6
MF023	0.0367	0.134	949.7	0.994	0.876	245.5	403.3	3000	940	0.612	0.00616	6	8.66	2.61
MF024	0.04	0.14	980.2	0.994	0.878	255.4	418.9	3000	972	0.627	0.00593	6.04	8.71	2.62
MF025	0.0597	0.123	901.2	0.992	0.87	212.6	369.8	3000	894	0.59	0.00779	5.91	8.53	2.57
MF026	0.0527	0.124	927.7	0.993	0.868	218.3	371.6	3000	915	0.638	0.00727	5.92	8.54	2.57
MF027	0.0363	0.138	949.9	0.994	0.88	258.4	415.4	3000	943	0.596	0.00575	6.03	8.7	2.62
MF028	0.0207	0.124	884.8	0.994	0.873	239.5	371.3	3000	875	0.605	0.00577	5.92	8.54	2.57
MF029	0.0207	0.163	1035.3	0.995	0.893	315.4	488.1	3000	1026	0.612	0.00455	6.19	8.93	2.69
MF030	0.0207	0.182	1124.6	0.996	0.899	352.9	547.1	3000	1115	0.634	0.0041	6.3	9.1	2.74
MF031	0.0277	0.143	964.4	0.995	0.883	274.5	427.6	3000	955	0.613	0.00517	6.06	8.74	2.63
MF032	0.0357	0.195	1142.4	0.996	0.906	375.3	584.2	3000	1135	0.617	0.00411	6.37	9.19	2.77
MF033	0.0227	0.207	1222	0.996	0.906	408.1	622.1	3000	1211	0.664	0.00353	6.43	9.28	2.79
MF034	0.0193	0.203	1210.8	0.996	0.904	397.2	609	3000	1199	0.665	0.00364	6.41	9.25	2.78
MF035	0.0247	0.19	1154.7	0.996	0.901	369.6	569.5	3000	1144	0.651	0.00393	6.34	9.15	2.76
MF036	0.026	0.186	1151.7	0.996	0.898	355	558	3000	1143	0.645	0.00416	6.32	9.12	2.75
MF037	0.0143	0.177	1072	0.996	0.901	365.4	531.5	3000	1063	0.632	0.00368	6.28	9.05	2.73
MF038	0.0963	0.145	1086.8	0.988	0.87	187	433.6	3000	1078	0.629	0.0122	6.07	8.76	2.64
MF039	0.0333	0.175	1124.2	0.995	0.893	322.4	525.5	3000	1112	0.649	0.00478	6.26	9.04	2.72
MF040	0.0203	0.196	1162.4	0.996	0.904	384.3	587.1	3000	1153	0.64	0.00378	6.38	9.2	2.77
MF041	0.037	0.128	992.3	0.993	0.864	214.8	384.7	3000	982	0.645	0.00736	5.95	8.59	2.59
MF042	0.025	0.177	1112.8	0.996	0.896	338.7	531.5	3000	1102	0.645	0.00435	6.28	9.05	2.73
MF043	0.072	0.147	1106.3	0.991	0.869	209.5	440.3	3000	1098	0.638	0.0094	6.09	8.78	2.64
MF044	0.0257	0.242	1315.6	0.997	0.918	481.7	726.2	3000	1303	0.667	0.00313	6.59	9.5	2.86
MF045	0.0353	0.132	993.1	0.993	0.867	221.3	395.1	3000	985	0.623	0.00717	5.98	8.63	2.6
MF046	0.0213	0.153	1033	0.995	0.885	292	460.1	3000	1022	0.633	0.00487	6.13	8.85	2.66
MF047	0.03	0.174	1122.8	0.995	0.892	319	522.5	3000	1114	0.641	0.00481	6.26	9.03	2.72
MF048	0.0427	0.179	1142.3	0.995	0.894	317.4	538.5	3000	1134	0.638	0.00521	6.29	9.07	2.73
MF049	0.042	0.103	835.3	0.992	0.853	180.7	308.5	3000	827	0.609	0.00832	5.73	8.27	2.49
MF050	0.0273	0.133	942.2	0.994	0.876	247.7	399.1	3000	933	0.61	0.00585	5.99	8.64	2.6
MF051	0.0283	0.156	1050.7	0.995	0.885	285.1	468.1	3000	1042	0.631	0.0053	6.15	8.87	2.67
MF052	0.0583	0.105	847.7	0.99	0.854	171.7	315.1	3000	841	0.582	0.00962	5.75	8.3	2.5
MF053	0.046	0.116	872.8	0.992	0.865	201.2	347.8	3000	865	0.588	0.00786	5.85	8.44	2.54
MF054	0.0347	0.138	969.7	0.994	0.877	250.7	413	3000	962	0.611	0.00599	6.02	8.69	2.62
MF055	0.07	0.102	842.2	0.989	0.85	161.2	305	3000	835	0.593	0.0107	5.72	8.25	2.48
MF056	0.039	0.135	954.8	0.994	0.877	247.9	405.9	3000	945	0.618	0.00609	6.01	8.67	2.61
MF057	0.0337	0.143	979	0.995	0.881	269.6	428.3	3000	971	0.618	0.00539	6.06	8.74	2.63
MF058	0.0443	0.12	887.4	0.993	0.869	217.7	361.2	3000	878	0.597	0.00695	5.89	8.5	2.56
MF059	0.0333	0.136	938.7	0.994	0.88	256.5	408.7	3000	930	0.608	0.00574	6.01	8.68	2.61
SA001	0.0267	0.125	866.7	0.994	0.878	236.4	376	3000	860	0.561	0.00614	5.93	8.55	2.58
SA006	0.0907	0.145	1024.5	0.989	0.877	200	434.9	3000	1017	0.585	0.0111	6.08	8.76	2.64
SA010	0.0237	0.169	1069.2	0.995	0.894	320.2	507.7	3000	1060	0.61	0.00461	6.23	8.99	2.71
SA011	0.0433	0.146	916.5	0.994	0.892	275.7	436.8	3000	910	0.544	0.00562	6.08	8.77	2.64
SA016	0.025	0.154	979.5	0.995	0.892	297.4	461.8	3000	973	0.579	0.00487	6.14	8.85	2.66
SA018	0.0303	0.155	954.3	0.995	0.896	298.3	463.8	3000	949	0.54	0.00496	6.14	8.86	2.67
SA019	0.0207	0.168	959.8	0.996	0.907	348.9	502.8	3000	955	0.532	0.00396	6.22	8.97	2.7
SA020	0.053	0.0863	779.3	0.987	0.836	130.5	259	3000	772	0.559	0.0128	5.56	8.02	2.41
SA021	0.039	0.147	940.5	0.994	0.89	272.8	439.6	3000	935	0.547	0.00565	6.09	8.78	2.64
SA023	0.048	0.151	1066.7	0.992	0.878	232	453.6	3000	1060	0.598	0.00789	6.12	8.83	2.66
SA025	0.0443	0.132	903	0.994	0.88	240.1	396.5	3000	897	0.553	0.00644	5.98	8.63	2.6
SA026	0.0277	0.16	1005.4	0.995	0.894	305.6	481.1	3000	999	0.576	0.00487	6.18	8.91	2.68
SA028	0.017	0.251	1326	0.997	0.922	515.8	753.4	3000	1317	0.649	0.00277	6.62	9.56	2.88
SA030	0.0147	0.245	1249.9	0.998	0.927	538.5	736.2	3000	1242	0.622	0.00247	6.6	9.52	2.87
SA031	0.0147	0.237	1213.9	0.997	0.926	521.1	711.1	3000	1205	0.61	0.00254	6.57	9.47	2.85
SA032	0.0433	0.151	1046.7	0.993	0.881	244.5	453.1	3000	1039	0.602	0.00718	6.12	8.82	2.66
SA034	0.021	0.203	1117.6	0.997	0.914	417.2	610.2	3000	1112	0.576	0.00343	6.41	9.25	2.79
SA035	0.0343	0.172	1092.9	0.995	0.893	308.8	514.7	3000	1086	0.61	0.00516	6.24	9.01	2.71
SA036	0.063	0.185	1112.2	0.994	0.902	305.8	556.5	3000	1106	0.575	0.00647	6.32	9.12	2.75
SA037	0.044	0.195	1137	0.995	0.906	361.5	585	3000	1131	0.599	0.00461	6.37	9.19	2.77
SA038	0.036	0.199	1127.9	0.996	0.911	388.4	598.5	3000	1122	0.586	0.00401	6.39	9.23	2.78
SA039	0.0573	0.183	1113.9	0.994	0.9	307.3	548.6	3000	1108	0.584	0.00613	6.31	9.1	2.74
SA040	0.0263	0.182	1062.7	0.996	0.905	355.1	544.9	3000	1058	0.565	0.00419	6.3	9.09	2.74
SA042	0.0333	0.187	1121	0.995	0.902	347.7	559.5	3000	1114	0.607	0.00453	6.33	9.13	2.75
SA043	0.0313	0.189	1133.9	0.996	0.903	351.7	568	3000	1126	0.604	0.00449	6.34	9.15	2.75
SA044	0.024	0.204	1136	0.996	0.913	409.5	611.9	3000	1131	0.581	0.00357	6.42	9.26	2.79
SA045	0.02	0.2	1143	0.996	0.909	394.2	599.9	3000	1135	0.602	0.00373	6.4	9.23	2.78
SA046	0.0203	0.207	1168.7	0.996	0.911	407.4	620.7	3000	1162	0.6	0.00363	6.43	9.28	2.79
SA047	0.0167	0.251	1336	0.997	0.921	499.1	752.5	3000	1329	0.638	0.00298	6.62	9.56	2.88
SA048	0.0253	0.239	1288	0.997	0.919	478.9	716.7	3000	1278	0.643	0.00311	6.57	9.49	2.86
SA049	0.0253	0.184	1093.3	0.996	0.903	361.8	551.3	3000	1084	0.613	0.00404	6.31	9.11	2.74
SA050	0.066	0.172	1096.7	0.993	0.893	275.5	514.8	3000	1090	0.597	0.00713	6.24	9.01	2.71
SA051	0.0757	0.161	1063.3	0.992	0.887	244.4	482.4	3000	1057	0.585	0.00849	6.18	8.91	2.68
SA052	0.0283	0.22	1261.6	0.996	0.91	416.7	661.5	3000	1254	0.641	0.00376	6.49	9.37	2.82
SA053	0.0587	0.15	1017.9	0.993	0.883	250.3	449.3	3000	1011	0.598	0.00705	6.11	8.81	2.65
SA054	0.045	0.139	902.7	0.994	0.887	252.5	416.2	3000	897	0.535	0.00634	6.03	8.7	2.62
SA055	0.0317	0.157	979.3	0.995	0.894	295.6	470.9	3000	974	0.544	0.00513	6.15	8.88	2.67
SA056	0.032	0.165	980.7	0.996	0.902	331.5	496.2	3000	973	0.566	0.00438	6.21	8.95	2.7
SA057	0.0247	0.178	1078.7	0.996	0.9	344.4	533.6	3000	1072	0.596	0.00426	6.28	9.06	2.73
SA058	0.022	0.185	1094.3	0.996	0.904	366.7	554.1	3000	1088	0.593	0.00389	6.32	9.11	2.74
SA059	0.0287	0.147	1016.2	0.994	0.88	266.9	440.7	3000	1009	0.612	0.00558	6.09	8.78	2.64
SA060	0.0453	0.155	979.5	0.995	0.893	289.9	466	3000	974	0.569	0.00547	6.14	8.86	2.67
SA062	0.0343	0.156	971	0.995	0.895	290.7	469.1	3000	967	0.535	0.00537	6.15	8.87	2.67
SA063	0.0413	0.146	988.8	0.994	0.883	257	438.9	3000	982	0.582	0.00625	6.08	8.78	2.64
SA064	0.037	0.148	964.9	0.994	0.888	271.7	443.6	3000	958	0.574	0.00572	6.09	8.79	2.65
SA065	0.0547	0.151	991.8	0.993	0.887	262.7	453.7	3000	986	0.575	0.00653	6.12	8.83	2.66
SA067	0.0587	0.115	812.4	0.992	0.874	205.8	346.2	3000	806	0.537	0.00788	5.85	8.44	2.54
SA070	0.0343	0.116	801.2	0.993	0.876	219.8	348.2	3000	795	0.525	0.00668	5.85	8.44	2.54
SA071	0.0937	0.0888	779.1	0.986	0.84	131.8	266.4	3000	773	0.568	0.0141	5.58	8.06	2.43
SA075	0.022	0.177	1034	0.996	0.905	357	531.3	3000	1027	0.571	0.00398	6.28	9.05	2.73
SA076	0.0273	0.106	764	0.993	0.868	201.3	317.3	3000	759	0.518	0.00702	5.76	8.31	2.5
SA077	0.0353	0.139	955.7	0.993	0.88	244.7	417.3	3000	950	0.576	0.00652	6.03	8.7	2.62
SA078	0.0517	0.0892	761.6	0.99	0.843	149.5	267.7	3000	756	0.56	0.0104	5.59	8.06	2.43
SA084	0.031	0.0914	690.9	0.992	0.86	177	274.1	3000	685	0.526	0.00783	5.61	8.1	2.44
SA089	0.0637	0.114	865.5	0.991	0.863	185	341.9	3000	860	0.548	0.00924	5.83	8.42	2.53
SA090	0.0257	0.11	772	0.993	0.873	211.8	329.2	3000	767	0.521	0.00665	5.8	8.36	2.52
SA094	0.03	0.159	1004.2	0.995	0.893	301.4	477.8	3000	997	0.577	0.00499	6.17	8.9	2.68
SA095	0.026	0.118	837.2	0.994	0.874	224.7	355.1	3000	830	0.562	0.00637	5.87	8.47	2.55
SA099	0.018	0.209	1147.4	0.997	0.915	429.7	627.2	3000	1140	0.599	0.00331	6.44	9.29	2.8
SA100	0.032	0.126	900.9	0.993	0.872	220.8	376.5	3000	896	0.557	0.00699	5.93	8.56	2.58
SA101	0.0243	0.165	1044	0.995	0.893	308.2	495.3	3000	1038	0.59	0.0049	6.21	8.95	2.69
SA102	0.0463	0.0935	775.7	0.99	0.848	159.2	280.4	3000	771	0.543	0.00955	5.64	8.13	2.45
SA103	0.0257	0.139	927.4	0.994	0.884	261.6	417.4	3000	922	0.562	0.00563	6.03	8.71	2.62
SA108	0.0863	0.0305	470.6	0.971	0.736	48.8	91.6	3000	463	0.562	0.0289	4.52	6.52	1.96
SA10_1	0.015	0.248	1227.7	0.998	0.93	546.3	743	3000	1223	0.578	0.00245	6.61	9.54	2.87
SA10_2	0.015	0.211	1102.2	0.997	0.922	455.8	633.6	3000	1097	0.555	0.00299	6.45	9.31	2.8
SA10_3	0.022	0.22	1157.8	0.997	0.921	463.4	660.7	3000	1153	0.57	0.00304	6.49	9.37	2.82
SA10_4	0.0197	0.249	1241	0.997	0.929	535.4	745.7	3000	1236	0.578	0.0026	6.61	9.54	2.87
SA10_5	0.015	0.221	1137.6	0.997	0.924	473.6	662.1	3000	1132	0.556	0.00291	6.5	9.37	2.82
SA112	0.175	0.0294	481.6	0.956	0.727	38.9	88.3	3000	476	0.566	0.0438	4.48	6.46	1.95
SA113	0.0953	0.077	772.3	0.983	0.82	105.8	230.9	3000	763	0.597	0.0173	5.44	7.85	2.36
SA114	0.0617	0.0668	639.1	0.987	0.822	113	200.5	3000	633	0.549	0.0134	5.3	7.65	2.3
SA115	0.162	0.0385	567.8	0.963	0.751	47.9	115.4	3000	559	0.568	0.0375	4.75	6.85	2.06
SA116	0.33	0.0183	476.8	0.884	0.651	16.4	55	3000	471	0.572	0.116	4.01	5.78	1.74
SA117	0.134	0.0313	501.3	0.964	0.732	44.3	94	3000	494	0.58	0.0356	4.54	6.55	1.97
SA122	0.138	0.0569	652.3	0.973	0.794	71.2	170.6	3000	647	0.532	0.027	5.14	7.41	2.23
SA123	0.107	0.0361	608.3	0.965	0.732	45.5	108.3	3000	602	0.6	0.0353	4.68	6.76	2.03
SA124	0.0757	0.066	629.9	0.985	0.821	106.2	198	3000	625	0.518	0.0151	5.29	7.63	2.3
SA125	0.0327	0.0966	745.2	0.992	0.859	178.5	289.9	3000	738	0.544	0.00808	5.67	8.18	2.46
SA127	0.133	0.0581	643.7	0.973	0.799	72.5	174.2	3000	638	0.535	0.0268	5.16	7.44	2.24
SA128	0.0737	0.0562	566.9	0.983	0.81	92.2	168.6	3000	563	0.495	0.0166	5.13	7.4	2.23
SA129	0.037	0.113	828.2	0.993	0.869	206.1	340.4	3000	823	0.551	0.00728	5.83	8.41	2.53
SA131	0.154	0.0667	722.5	0.971	0.806	74.5	200	3000	716	0.548	0.0291	5.3	7.64	2.3
SA132	0.0877	0.0943	778.9	0.987	0.849	140.5	282.8	3000	774	0.528	0.0132	5.64	8.14	2.45
SA133	0.0667	0.0932	742.8	0.99	0.853	157.1	279.6	3000	737	0.527	0.0104	5.63	8.13	2.45
SA134	0.0247	0.146	924.7	0.995	0.892	287.6	438.7	3000	919	0.552	0.00497	6.08	8.78	2.64
SA135	0.0337	0.125	826.2	0.994	0.883	239.3	374.9	3000	822	0.514	0.00612	5.93	8.55	2.57
SA136	0.0603	0.0814	663.7	0.989	0.847	141.4	244.3	3000	659	0.483	0.0109	5.5	7.93	2.39
SA137	0.0703	0.0769	685.8	0.987	0.834	123.2	230.6	3000	680	0.532	0.0133	5.44	7.85	2.36
SA1_1	0.02	0.232	1182	0.997	0.926	496.9	695.7	3000	1176	0.576	0.00282	6.54	9.44	2.84
SA1_2	0.0313	0.197	1085	0.996	0.914	394.8	591.1	3000	1079	0.563	0.00383	6.38	9.21	2.77
SA1_3	0.0453	0.18	1074	0.995	0.902	322.7	538.8	3000	1068	0.566	0.00526	6.29	9.07	2.73
SA1_4	0.0223	0.221	1153.3	0.997	0.922	465.4	664.1	3000	1148	0.568	0.00306	6.5	9.38	2.82
SA1_5	0.027	0.215	1142.8	0.997	0.919	439.2	645.7	3000	1138	0.56	0.00338	6.47	9.33	2.81
SA3_1	0.0263	0.181	1022.5	0.996	0.909	366.1	541.5	3000	1017	0.548	0.00395	6.29	9.08	2.73
SA3_2	0.0163	0.208	1093.3	0.997	0.92	447	623.3	3000	1087	0.56	0.00305	6.44	9.28	2.79
SA3_3	0.0773	0.113	974.1	0.987	0.847	148.3	337.5	3000	969	0.589	0.0131	5.82	8.4	2.53
SA3_4	0.0247	0.194	1050.7	0.996	0.916	403.6	581.5	3000	1046	0.538	0.00352	6.37	9.18	2.76
SA3_5	0.019	0.21	1098.8	0.997	0.921	452.7	629.3	3000	1095	0.546	0.003	6.44	9.3	2.8
SA5_1	0.0147	0.244	1243.1	0.997	0.926	526.3	732.2	3000	1236	0.608	0.0026	6.6	9.52	2.86
SA5_2	0.017	0.206	1071.8	0.997	0.922	450.6	617.8	3000	1067	0.538	0.00296	6.43	9.27	2.79
SA5_3	0.023	0.207	1084.9	0.997	0.921	437.9	622.4	3000	1079	0.543	0.00324	6.43	9.28	2.79
SA5_4	0.036	0.181	1055.4	0.995	0.906	347.9	544.1	3000	1049	0.569	0.0045	6.3	9.09	2.74
SA5_5	0.015	0.22	1115.8	0.997	0.925	479.8	659.3	3000	1112	0.536	0.00282	6.49	9.36	2.82
SA_2m_1	0.0247	0.173	979.9	0.996	0.909	352.8	520.2	3000	976	0.52	0.0041	6.25	9.02	2.72
SA_2m_2	0.029	0.179	1033.3	0.996	0.906	354.1	536.6	3000	1027	0.559	0.00419	6.29	9.07	2.73
SA_2m_3	0.0327	0.18	1006.8	0.996	0.91	364.5	539.8	3000	1003	0.525	0.00404	6.29	9.08	2.73
SA_2m_4	0.0207	0.181	1043.1	0.996	0.907	363	543.6	3000	1038	0.555	0.00398	6.3	9.09	2.74
SA_2m_5	0.0207	0.213	1113.1	0.997	0.921	456.2	637.9	3000	1108	0.561	0.00302	6.46	9.32	2.8
SA_5m_1	0.0277	0.206	1147.2	0.996	0.913	407.4	616.8	3000	1141	0.587	0.00367	6.42	9.27	2.79
SA_5m_2	0.017	0.219	1161	0.997	0.92	461.9	658	3000	1154	0.588	0.00303	6.49	9.36	2.82
SA_5m_3	0.0207	0.195	1058.4	0.997	0.916	408.1	585.9	3000	1054	0.541	0.00345	6.37	9.19	2.77
SA_5m_4	0.019	0.217	1137.4	0.997	0.921	456.7	649.9	3000	1133	0.557	0.00307	6.48	9.34	2.81
SA_5m_5	0.0263	0.153	968.1	0.995	0.892	292.7	459.1	3000	963	0.554	0.00501	6.13	8.84	2.66
